   8.9731149e+01
   8.9382874e+01
   8.9032542e+01
   8.8681746e+01
   8.8330774e+01
   8.7979716e+01
   8.7628611e+01
   8.7277476e+01
   8.6926322e+01
   8.6575154e+01
   8.6223977e+01
   8.5872793e+01
   8.5521603e+01
   8.5170409e+01
   8.4819211e+01
   8.4468011e+01
   8.4116809e+01
   8.3765604e+01
   8.3414398e+01
   8.3063191e+01
   8.2711982e+01
   8.2360772e+01
   8.2009562e+01
   8.1658351e+01
   8.1307139e+01
   8.0955926e+01
   8.0604713e+01
   8.0253500e+01
   7.9902286e+01
   7.9551072e+01
   7.9199857e+01
   7.8848642e+01
   7.8497427e+01
   7.8146212e+01
   7.7794996e+01
   7.7443780e+01
   7.7092564e+01
   7.6741348e+01
   7.6390131e+01
   7.6038915e+01
   7.5687698e+01
   7.5336481e+01
   7.4985264e+01
   7.4634047e+01
   7.4282830e+01
   7.3931613e+01
   7.3580395e+01
   7.3229178e+01
   7.2877960e+01
   7.2526743e+01
   7.2175525e+01
   7.1824307e+01
   7.1473089e+01
   7.1121871e+01
   7.0770654e+01
   7.0419436e+01
   7.0068217e+01
   6.9716999e+01
   6.9365781e+01
   6.9014563e+01
   6.8663345e+01
   6.8312127e+01
   6.7960908e+01
   6.7609690e+01
   6.7258472e+01
   6.6907253e+01
   6.6556035e+01
   6.6204816e+01
   6.5853598e+01
   6.5502379e+01
   6.5151161e+01
   6.4799942e+01
   6.4448723e+01
   6.4097505e+01
   6.3746286e+01
   6.3395068e+01
   6.3043849e+01
   6.2692630e+01
   6.2341411e+01
   6.1990193e+01
   6.1638974e+01
   6.1287755e+01
   6.0936536e+01
   6.0585317e+01
   6.0234099e+01
   5.9882880e+01
   5.9531661e+01
   5.9180442e+01
   5.8829223e+01
   5.8478004e+01
   5.8126785e+01
   5.7775566e+01
   5.7424348e+01
   5.7073129e+01
   5.6721910e+01
   5.6370691e+01
   5.6019472e+01
   5.5668253e+01
   5.5317034e+01
   5.4965815e+01
   5.4614596e+01
   5.4263377e+01
   5.3912158e+01
   5.3560939e+01
   5.3209720e+01
   5.2858501e+01
   5.2507282e+01
   5.2156062e+01
   5.1804843e+01
   5.1453624e+01
   5.1102405e+01
   5.0751186e+01
   5.0399967e+01
   5.0048748e+01
   4.9697529e+01
   4.9346310e+01
   4.8995091e+01
   4.8643871e+01
   4.8292652e+01
   4.7941433e+01
   4.7590214e+01
   4.7238995e+01
   4.6887776e+01
   4.6536557e+01
   4.6185337e+01
   4.5834118e+01
   4.5482899e+01
   4.5131680e+01
   4.4780461e+01
   4.4429242e+01
   4.4078022e+01
   4.3726803e+01
   4.3375584e+01
   4.3024365e+01
   4.2673146e+01
   4.2321926e+01
   4.1970707e+01
   4.1619488e+01
   4.1268269e+01
   4.0917050e+01
   4.0565830e+01
   4.0214611e+01
   3.9863392e+01
   3.9512173e+01
   3.9160953e+01
   3.8809734e+01
   3.8458515e+01
   3.8107296e+01
   3.7756076e+01
   3.7404857e+01
   3.7053638e+01
   3.6702419e+01
   3.6351199e+01
   3.5999980e+01
   3.5648761e+01
   3.5297542e+01
   3.4946322e+01
   3.4595103e+01
   3.4243884e+01
   3.3892665e+01
   3.3541445e+01
   3.3190226e+01
   3.2839007e+01
   3.2487788e+01
   3.2136568e+01
   3.1785349e+01
   3.1434130e+01
   3.1082910e+01
   3.0731691e+01
   3.0380472e+01
   3.0029253e+01
   2.9678033e+01
   2.9326814e+01
   2.8975595e+01
   2.8624375e+01
   2.8273156e+01
   2.7921937e+01
   2.7570717e+01
   2.7219498e+01
   2.6868279e+01
   2.6517060e+01
   2.6165840e+01
   2.5814621e+01
   2.5463402e+01
   2.5112182e+01
   2.4760963e+01
   2.4409744e+01
   2.4058524e+01
   2.3707305e+01
   2.3356086e+01
   2.3004866e+01
   2.2653647e+01
   2.2302428e+01
   2.1951209e+01
   2.1599989e+01
   2.1248770e+01
   2.0897551e+01
   2.0546331e+01
   2.0195112e+01
   1.9843893e+01
   1.9492673e+01
   1.9141454e+01
   1.8790235e+01
   1.8439015e+01
   1.8087796e+01
   1.7736577e+01
   1.7385357e+01
   1.7034138e+01
   1.6682919e+01
   1.6331699e+01
   1.5980480e+01
   1.5629261e+01
   1.5278041e+01
   1.4926822e+01
   1.4575603e+01
   1.4224383e+01
   1.3873164e+01
   1.3521945e+01
   1.3170725e+01
   1.2819506e+01
   1.2468287e+01
   1.2117067e+01
   1.1765848e+01
   1.1414629e+01
   1.1063409e+01
   1.0712190e+01
   1.0360971e+01
   1.0009751e+01
   9.6585320e+00
   9.3073130e+00
   8.9560930e+00
   8.6048740e+00
   8.2536550e+00
   7.9024350e+00
   7.5512160e+00
   7.1999970e+00
   6.8487770e+00
   6.4975580e+00
   6.1463390e+00
   5.7951190e+00
   5.4439000e+00
   5.0926800e+00
   4.7414610e+00
   4.3902420e+00
   4.0390220e+00
   3.6878030e+00
   3.3365840e+00
   2.9853640e+00
   2.6341450e+00
   2.2829260e+00
   1.9317060e+00
   1.5804870e+00
   1.2292680e+00
   8.7804800e-01
   5.2682900e-01
   1.7561000e-01
  -1.7561000e-01
  -5.2682900e-01
  -8.7804800e-01
  -1.2292680e+00
  -1.5804870e+00
  -1.9317060e+00
  -2.2829260e+00
  -2.6341450e+00
  -2.9853640e+00
  -3.3365840e+00
  -3.6878030e+00
  -4.0390220e+00
  -4.3902420e+00
  -4.7414610e+00
  -5.0926800e+00
  -5.4439000e+00
  -5.7951190e+00
  -6.1463390e+00
  -6.4975580e+00
  -6.8487770e+00
  -7.1999970e+00
  -7.5512160e+00
  -7.9024350e+00
  -8.2536550e+00
  -8.6048740e+00
  -8.9560930e+00
  -9.3073130e+00
  -9.6585320e+00
  -1.0009751e+01
  -1.0360971e+01
  -1.0712190e+01
  -1.1063409e+01
  -1.1414629e+01
  -1.1765848e+01
  -1.2117067e+01
  -1.2468287e+01
  -1.2819506e+01
  -1.3170725e+01
  -1.3521945e+01
  -1.3873164e+01
  -1.4224383e+01
  -1.4575603e+01
  -1.4926822e+01
  -1.5278041e+01
  -1.5629261e+01
  -1.5980480e+01
  -1.6331699e+01
  -1.6682919e+01
  -1.7034138e+01
  -1.7385357e+01
  -1.7736577e+01
  -1.8087796e+01
  -1.8439015e+01
  -1.8790235e+01
  -1.9141454e+01
  -1.9492673e+01
  -1.9843893e+01
  -2.0195112e+01
  -2.0546331e+01
  -2.0897551e+01
  -2.1248770e+01
  -2.1599989e+01
  -2.1951209e+01
  -2.2302428e+01
  -2.2653647e+01
  -2.3004866e+01
  -2.3356086e+01
  -2.3707305e+01
  -2.4058524e+01
  -2.4409744e+01
  -2.4760963e+01
  -2.5112182e+01
  -2.5463402e+01
  -2.5814621e+01
  -2.6165840e+01
  -2.6517060e+01
  -2.6868279e+01
  -2.7219498e+01
  -2.7570717e+01
  -2.7921937e+01
  -2.8273156e+01
  -2.8624375e+01
  -2.8975595e+01
  -2.9326814e+01
  -2.9678033e+01
  -3.0029253e+01
  -3.0380472e+01
  -3.0731691e+01
  -3.1082910e+01
  -3.1434130e+01
  -3.1785349e+01
  -3.2136568e+01
  -3.2487788e+01
  -3.2839007e+01
  -3.3190226e+01
  -3.3541445e+01
  -3.3892665e+01
  -3.4243884e+01
  -3.4595103e+01
  -3.4946322e+01
  -3.5297542e+01
  -3.5648761e+01
  -3.5999980e+01
  -3.6351199e+01
  -3.6702419e+01
  -3.7053638e+01
  -3.7404857e+01
  -3.7756076e+01
  -3.8107296e+01
  -3.8458515e+01
  -3.8809734e+01
  -3.9160953e+01
  -3.9512173e+01
  -3.9863392e+01
  -4.0214611e+01
  -4.0565830e+01
  -4.0917050e+01
  -4.1268269e+01
  -4.1619488e+01
  -4.1970707e+01
  -4.2321926e+01
  -4.2673146e+01
  -4.3024365e+01
  -4.3375584e+01
  -4.3726803e+01
  -4.4078022e+01
  -4.4429242e+01
  -4.4780461e+01
  -4.5131680e+01
  -4.5482899e+01
  -4.5834118e+01
  -4.6185337e+01
  -4.6536557e+01
  -4.6887776e+01
  -4.7238995e+01
  -4.7590214e+01
  -4.7941433e+01
  -4.8292652e+01
  -4.8643871e+01
  -4.8995091e+01
  -4.9346310e+01
  -4.9697529e+01
  -5.0048748e+01
  -5.0399967e+01
  -5.0751186e+01
  -5.1102405e+01
  -5.1453624e+01
  -5.1804843e+01
  -5.2156062e+01
  -5.2507282e+01
  -5.2858501e+01
  -5.3209720e+01
  -5.3560939e+01
  -5.3912158e+01
  -5.4263377e+01
  -5.4614596e+01
  -5.4965815e+01
  -5.5317034e+01
  -5.5668253e+01
  -5.6019472e+01
  -5.6370691e+01
  -5.6721910e+01
  -5.7073129e+01
  -5.7424348e+01
  -5.7775566e+01
  -5.8126785e+01
  -5.8478004e+01
  -5.8829223e+01
  -5.9180442e+01
  -5.9531661e+01
  -5.9882880e+01
  -6.0234099e+01
  -6.0585317e+01
  -6.0936536e+01
  -6.1287755e+01
  -6.1638974e+01
  -6.1990193e+01
  -6.2341411e+01
  -6.2692630e+01
  -6.3043849e+01
  -6.3395068e+01
  -6.3746286e+01
  -6.4097505e+01
  -6.4448723e+01
  -6.4799942e+01
  -6.5151161e+01
  -6.5502379e+01
  -6.5853598e+01
  -6.6204816e+01
  -6.6556035e+01
  -6.6907253e+01
  -6.7258472e+01
  -6.7609690e+01
  -6.7960908e+01
  -6.8312127e+01
  -6.8663345e+01
  -6.9014563e+01
  -6.9365781e+01
  -6.9716999e+01
  -7.0068217e+01
  -7.0419436e+01
  -7.0770654e+01
  -7.1121871e+01
  -7.1473089e+01
  -7.1824307e+01
  -7.2175525e+01
  -7.2526743e+01
  -7.2877960e+01
  -7.3229178e+01
  -7.3580395e+01
  -7.3931613e+01
  -7.4282830e+01
  -7.4634047e+01
  -7.4985264e+01
  -7.5336481e+01
  -7.5687698e+01
  -7.6038915e+01
  -7.6390131e+01
  -7.6741348e+01
  -7.7092564e+01
  -7.7443780e+01
  -7.7794996e+01
  -7.8146212e+01
  -7.8497427e+01
  -7.8848642e+01
  -7.9199857e+01
  -7.9551072e+01
  -7.9902286e+01
  -8.0253500e+01
  -8.0604713e+01
  -8.0955926e+01
  -8.1307139e+01
  -8.1658351e+01
  -8.2009562e+01
  -8.2360772e+01
  -8.2711982e+01
  -8.3063191e+01
  -8.3414398e+01
  -8.3765604e+01
  -8.4116809e+01
  -8.4468011e+01
  -8.4819211e+01
  -8.5170409e+01
  -8.5521603e+01
  -8.5872793e+01
  -8.6223977e+01
  -8.6575154e+01
  -8.6926322e+01
  -8.7277476e+01
  -8.7628611e+01
  -8.7979716e+01
  -8.8330774e+01
  -8.8681746e+01
  -8.9032542e+01
  -8.9382874e+01
  -8.9731149e+01
