   0.0000000e+00
   3.5156250e-01
   7.0312500e-01
   1.0546875e+00
   1.4062500e+00
   1.7578125e+00
   2.1093750e+00
   2.4609375e+00
   2.8125000e+00
   3.1640625e+00
   3.5156250e+00
   3.8671875e+00
   4.2187500e+00
   4.5703125e+00
   4.9218750e+00
   5.2734375e+00
   5.6250000e+00
   5.9765625e+00
   6.3281250e+00
   6.6796875e+00
   7.0312500e+00
   7.3828125e+00
   7.7343750e+00
   8.0859375e+00
   8.4375000e+00
   8.7890625e+00
   9.1406250e+00
   9.4921875e+00
   9.8437500e+00
   1.0195312e+01
   1.0546875e+01
   1.0898438e+01
   1.1250000e+01
   1.1601562e+01
   1.1953125e+01
   1.2304688e+01
   1.2656250e+01
   1.3007812e+01
   1.3359375e+01
   1.3710938e+01
   1.4062500e+01
   1.4414062e+01
   1.4765625e+01
   1.5117188e+01
   1.5468750e+01
   1.5820312e+01
   1.6171875e+01
   1.6523438e+01
   1.6875000e+01
   1.7226562e+01
   1.7578125e+01
   1.7929688e+01
   1.8281250e+01
   1.8632812e+01
   1.8984375e+01
   1.9335938e+01
   1.9687500e+01
   2.0039062e+01
   2.0390625e+01
   2.0742188e+01
   2.1093750e+01
   2.1445312e+01
   2.1796875e+01
   2.2148438e+01
   2.2500000e+01
   2.2851562e+01
   2.3203125e+01
   2.3554688e+01
   2.3906250e+01
   2.4257812e+01
   2.4609375e+01
   2.4960938e+01
   2.5312500e+01
   2.5664062e+01
   2.6015625e+01
   2.6367188e+01
   2.6718750e+01
   2.7070312e+01
   2.7421875e+01
   2.7773438e+01
   2.8125000e+01
   2.8476562e+01
   2.8828125e+01
   2.9179688e+01
   2.9531250e+01
   2.9882812e+01
   3.0234375e+01
   3.0585938e+01
   3.0937500e+01
   3.1289062e+01
   3.1640625e+01
   3.1992188e+01
   3.2343750e+01
   3.2695312e+01
   3.3046875e+01
   3.3398438e+01
   3.3750000e+01
   3.4101562e+01
   3.4453125e+01
   3.4804688e+01
   3.5156250e+01
   3.5507812e+01
   3.5859375e+01
   3.6210938e+01
   3.6562500e+01
   3.6914062e+01
   3.7265625e+01
   3.7617188e+01
   3.7968750e+01
   3.8320312e+01
   3.8671875e+01
   3.9023438e+01
   3.9375000e+01
   3.9726562e+01
   4.0078125e+01
   4.0429688e+01
   4.0781250e+01
   4.1132812e+01
   4.1484375e+01
   4.1835938e+01
   4.2187500e+01
   4.2539062e+01
   4.2890625e+01
   4.3242188e+01
   4.3593750e+01
   4.3945312e+01
   4.4296875e+01
   4.4648438e+01
   4.5000000e+01
   4.5351562e+01
   4.5703125e+01
   4.6054688e+01
   4.6406250e+01
   4.6757812e+01
   4.7109375e+01
   4.7460938e+01
   4.7812500e+01
   4.8164062e+01
   4.8515625e+01
   4.8867188e+01
   4.9218750e+01
   4.9570312e+01
   4.9921875e+01
   5.0273438e+01
   5.0625000e+01
   5.0976562e+01
   5.1328125e+01
   5.1679688e+01
   5.2031250e+01
   5.2382812e+01
   5.2734375e+01
   5.3085938e+01
   5.3437500e+01
   5.3789062e+01
   5.4140625e+01
   5.4492188e+01
   5.4843750e+01
   5.5195312e+01
   5.5546875e+01
   5.5898438e+01
   5.6250000e+01
   5.6601562e+01
   5.6953125e+01
   5.7304688e+01
   5.7656250e+01
   5.8007812e+01
   5.8359375e+01
   5.8710938e+01
   5.9062500e+01
   5.9414062e+01
   5.9765625e+01
   6.0117188e+01
   6.0468750e+01
   6.0820312e+01
   6.1171875e+01
   6.1523438e+01
   6.1875000e+01
   6.2226562e+01
   6.2578125e+01
   6.2929688e+01
   6.3281250e+01
   6.3632812e+01
   6.3984375e+01
   6.4335938e+01
   6.4687500e+01
   6.5039062e+01
   6.5390625e+01
   6.5742188e+01
   6.6093750e+01
   6.6445312e+01
   6.6796875e+01
   6.7148438e+01
   6.7500000e+01
   6.7851562e+01
   6.8203125e+01
   6.8554688e+01
   6.8906250e+01
   6.9257812e+01
   6.9609375e+01
   6.9960938e+01
   7.0312500e+01
   7.0664062e+01
   7.1015625e+01
   7.1367188e+01
   7.1718750e+01
   7.2070312e+01
   7.2421875e+01
   7.2773438e+01
   7.3125000e+01
   7.3476562e+01
   7.3828125e+01
   7.4179688e+01
   7.4531250e+01
   7.4882812e+01
   7.5234375e+01
   7.5585938e+01
   7.5937500e+01
   7.6289062e+01
   7.6640625e+01
   7.6992188e+01
   7.7343750e+01
   7.7695312e+01
   7.8046875e+01
   7.8398438e+01
   7.8750000e+01
   7.9101562e+01
   7.9453125e+01
   7.9804688e+01
   8.0156250e+01
   8.0507812e+01
   8.0859375e+01
   8.1210938e+01
   8.1562500e+01
   8.1914062e+01
   8.2265625e+01
   8.2617188e+01
   8.2968750e+01
   8.3320312e+01
   8.3671875e+01
   8.4023438e+01
   8.4375000e+01
   8.4726562e+01
   8.5078125e+01
   8.5429688e+01
   8.5781250e+01
   8.6132812e+01
   8.6484375e+01
   8.6835938e+01
   8.7187500e+01
   8.7539062e+01
   8.7890625e+01
   8.8242188e+01
   8.8593750e+01
   8.8945312e+01
   8.9296875e+01
   8.9648438e+01
   9.0000000e+01
   9.0351562e+01
   9.0703125e+01
   9.1054688e+01
   9.1406250e+01
   9.1757812e+01
   9.2109375e+01
   9.2460938e+01
   9.2812500e+01
   9.3164062e+01
   9.3515625e+01
   9.3867188e+01
   9.4218750e+01
   9.4570312e+01
   9.4921875e+01
   9.5273438e+01
   9.5625000e+01
   9.5976562e+01
   9.6328125e+01
   9.6679688e+01
   9.7031250e+01
   9.7382812e+01
   9.7734375e+01
   9.8085938e+01
   9.8437500e+01
   9.8789062e+01
   9.9140625e+01
   9.9492188e+01
   9.9843750e+01
   1.0019531e+02
   1.0054688e+02
   1.0089844e+02
   1.0125000e+02
   1.0160156e+02
   1.0195312e+02
   1.0230469e+02
   1.0265625e+02
   1.0300781e+02
   1.0335938e+02
   1.0371094e+02
   1.0406250e+02
   1.0441406e+02
   1.0476562e+02
   1.0511719e+02
   1.0546875e+02
   1.0582031e+02
   1.0617188e+02
   1.0652344e+02
   1.0687500e+02
   1.0722656e+02
   1.0757812e+02
   1.0792969e+02
   1.0828125e+02
   1.0863281e+02
   1.0898438e+02
   1.0933594e+02
   1.0968750e+02
   1.1003906e+02
   1.1039062e+02
   1.1074219e+02
   1.1109375e+02
   1.1144531e+02
   1.1179688e+02
   1.1214844e+02
   1.1250000e+02
   1.1285156e+02
   1.1320312e+02
   1.1355469e+02
   1.1390625e+02
   1.1425781e+02
   1.1460938e+02
   1.1496094e+02
   1.1531250e+02
   1.1566406e+02
   1.1601562e+02
   1.1636719e+02
   1.1671875e+02
   1.1707031e+02
   1.1742188e+02
   1.1777344e+02
   1.1812500e+02
   1.1847656e+02
   1.1882812e+02
   1.1917969e+02
   1.1953125e+02
   1.1988281e+02
   1.2023438e+02
   1.2058594e+02
   1.2093750e+02
   1.2128906e+02
   1.2164062e+02
   1.2199219e+02
   1.2234375e+02
   1.2269531e+02
   1.2304688e+02
   1.2339844e+02
   1.2375000e+02
   1.2410156e+02
   1.2445312e+02
   1.2480469e+02
   1.2515625e+02
   1.2550781e+02
   1.2585938e+02
   1.2621094e+02
   1.2656250e+02
   1.2691406e+02
   1.2726562e+02
   1.2761719e+02
   1.2796875e+02
   1.2832031e+02
   1.2867188e+02
   1.2902344e+02
   1.2937500e+02
   1.2972656e+02
   1.3007812e+02
   1.3042969e+02
   1.3078125e+02
   1.3113281e+02
   1.3148438e+02
   1.3183594e+02
   1.3218750e+02
   1.3253906e+02
   1.3289062e+02
   1.3324219e+02
   1.3359375e+02
   1.3394531e+02
   1.3429688e+02
   1.3464844e+02
   1.3500000e+02
   1.3535156e+02
   1.3570312e+02
   1.3605469e+02
   1.3640625e+02
   1.3675781e+02
   1.3710938e+02
   1.3746094e+02
   1.3781250e+02
   1.3816406e+02
   1.3851562e+02
   1.3886719e+02
   1.3921875e+02
   1.3957031e+02
   1.3992188e+02
   1.4027344e+02
   1.4062500e+02
   1.4097656e+02
   1.4132812e+02
   1.4167969e+02
   1.4203125e+02
   1.4238281e+02
   1.4273438e+02
   1.4308594e+02
   1.4343750e+02
   1.4378906e+02
   1.4414062e+02
   1.4449219e+02
   1.4484375e+02
   1.4519531e+02
   1.4554688e+02
   1.4589844e+02
   1.4625000e+02
   1.4660156e+02
   1.4695312e+02
   1.4730469e+02
   1.4765625e+02
   1.4800781e+02
   1.4835938e+02
   1.4871094e+02
   1.4906250e+02
   1.4941406e+02
   1.4976562e+02
   1.5011719e+02
   1.5046875e+02
   1.5082031e+02
   1.5117188e+02
   1.5152344e+02
   1.5187500e+02
   1.5222656e+02
   1.5257812e+02
   1.5292969e+02
   1.5328125e+02
   1.5363281e+02
   1.5398438e+02
   1.5433594e+02
   1.5468750e+02
   1.5503906e+02
   1.5539062e+02
   1.5574219e+02
   1.5609375e+02
   1.5644531e+02
   1.5679688e+02
   1.5714844e+02
   1.5750000e+02
   1.5785156e+02
   1.5820312e+02
   1.5855469e+02
   1.5890625e+02
   1.5925781e+02
   1.5960938e+02
   1.5996094e+02
   1.6031250e+02
   1.6066406e+02
   1.6101562e+02
   1.6136719e+02
   1.6171875e+02
   1.6207031e+02
   1.6242188e+02
   1.6277344e+02
   1.6312500e+02
   1.6347656e+02
   1.6382812e+02
   1.6417969e+02
   1.6453125e+02
   1.6488281e+02
   1.6523438e+02
   1.6558594e+02
   1.6593750e+02
   1.6628906e+02
   1.6664062e+02
   1.6699219e+02
   1.6734375e+02
   1.6769531e+02
   1.6804688e+02
   1.6839844e+02
   1.6875000e+02
   1.6910156e+02
   1.6945312e+02
   1.6980469e+02
   1.7015625e+02
   1.7050781e+02
   1.7085938e+02
   1.7121094e+02
   1.7156250e+02
   1.7191406e+02
   1.7226562e+02
   1.7261719e+02
   1.7296875e+02
   1.7332031e+02
   1.7367188e+02
   1.7402344e+02
   1.7437500e+02
   1.7472656e+02
   1.7507812e+02
   1.7542969e+02
   1.7578125e+02
   1.7613281e+02
   1.7648438e+02
   1.7683594e+02
   1.7718750e+02
   1.7753906e+02
   1.7789062e+02
   1.7824219e+02
   1.7859375e+02
   1.7894531e+02
   1.7929688e+02
   1.7964844e+02
   1.8000000e+02
   1.8035156e+02
   1.8070312e+02
   1.8105469e+02
   1.8140625e+02
   1.8175781e+02
   1.8210938e+02
   1.8246094e+02
   1.8281250e+02
   1.8316406e+02
   1.8351562e+02
   1.8386719e+02
   1.8421875e+02
   1.8457031e+02
   1.8492188e+02
   1.8527344e+02
   1.8562500e+02
   1.8597656e+02
   1.8632812e+02
   1.8667969e+02
   1.8703125e+02
   1.8738281e+02
   1.8773438e+02
   1.8808594e+02
   1.8843750e+02
   1.8878906e+02
   1.8914062e+02
   1.8949219e+02
   1.8984375e+02
   1.9019531e+02
   1.9054688e+02
   1.9089844e+02
   1.9125000e+02
   1.9160156e+02
   1.9195312e+02
   1.9230469e+02
   1.9265625e+02
   1.9300781e+02
   1.9335938e+02
   1.9371094e+02
   1.9406250e+02
   1.9441406e+02
   1.9476562e+02
   1.9511719e+02
   1.9546875e+02
   1.9582031e+02
   1.9617188e+02
   1.9652344e+02
   1.9687500e+02
   1.9722656e+02
   1.9757812e+02
   1.9792969e+02
   1.9828125e+02
   1.9863281e+02
   1.9898438e+02
   1.9933594e+02
   1.9968750e+02
   2.0003906e+02
   2.0039062e+02
   2.0074219e+02
   2.0109375e+02
   2.0144531e+02
   2.0179688e+02
   2.0214844e+02
   2.0250000e+02
   2.0285156e+02
   2.0320312e+02
   2.0355469e+02
   2.0390625e+02
   2.0425781e+02
   2.0460938e+02
   2.0496094e+02
   2.0531250e+02
   2.0566406e+02
   2.0601562e+02
   2.0636719e+02
   2.0671875e+02
   2.0707031e+02
   2.0742188e+02
   2.0777344e+02
   2.0812500e+02
   2.0847656e+02
   2.0882812e+02
   2.0917969e+02
   2.0953125e+02
   2.0988281e+02
   2.1023438e+02
   2.1058594e+02
   2.1093750e+02
   2.1128906e+02
   2.1164062e+02
   2.1199219e+02
   2.1234375e+02
   2.1269531e+02
   2.1304688e+02
   2.1339844e+02
   2.1375000e+02
   2.1410156e+02
   2.1445312e+02
   2.1480469e+02
   2.1515625e+02
   2.1550781e+02
   2.1585938e+02
   2.1621094e+02
   2.1656250e+02
   2.1691406e+02
   2.1726562e+02
   2.1761719e+02
   2.1796875e+02
   2.1832031e+02
   2.1867188e+02
   2.1902344e+02
   2.1937500e+02
   2.1972656e+02
   2.2007812e+02
   2.2042969e+02
   2.2078125e+02
   2.2113281e+02
   2.2148438e+02
   2.2183594e+02
   2.2218750e+02
   2.2253906e+02
   2.2289062e+02
   2.2324219e+02
   2.2359375e+02
   2.2394531e+02
   2.2429688e+02
   2.2464844e+02
   2.2500000e+02
   2.2535156e+02
   2.2570312e+02
   2.2605469e+02
   2.2640625e+02
   2.2675781e+02
   2.2710938e+02
   2.2746094e+02
   2.2781250e+02
   2.2816406e+02
   2.2851562e+02
   2.2886719e+02
   2.2921875e+02
   2.2957031e+02
   2.2992188e+02
   2.3027344e+02
   2.3062500e+02
   2.3097656e+02
   2.3132812e+02
   2.3167969e+02
   2.3203125e+02
   2.3238281e+02
   2.3273438e+02
   2.3308594e+02
   2.3343750e+02
   2.3378906e+02
   2.3414062e+02
   2.3449219e+02
   2.3484375e+02
   2.3519531e+02
   2.3554688e+02
   2.3589844e+02
   2.3625000e+02
   2.3660156e+02
   2.3695312e+02
   2.3730469e+02
   2.3765625e+02
   2.3800781e+02
   2.3835938e+02
   2.3871094e+02
   2.3906250e+02
   2.3941406e+02
   2.3976562e+02
   2.4011719e+02
   2.4046875e+02
   2.4082031e+02
   2.4117188e+02
   2.4152344e+02
   2.4187500e+02
   2.4222656e+02
   2.4257812e+02
   2.4292969e+02
   2.4328125e+02
   2.4363281e+02
   2.4398438e+02
   2.4433594e+02
   2.4468750e+02
   2.4503906e+02
   2.4539062e+02
   2.4574219e+02
   2.4609375e+02
   2.4644531e+02
   2.4679688e+02
   2.4714844e+02
   2.4750000e+02
   2.4785156e+02
   2.4820312e+02
   2.4855469e+02
   2.4890625e+02
   2.4925781e+02
   2.4960938e+02
   2.4996094e+02
   2.5031250e+02
   2.5066406e+02
   2.5101562e+02
   2.5136719e+02
   2.5171875e+02
   2.5207031e+02
   2.5242188e+02
   2.5277344e+02
   2.5312500e+02
   2.5347656e+02
   2.5382812e+02
   2.5417969e+02
   2.5453125e+02
   2.5488281e+02
   2.5523438e+02
   2.5558594e+02
   2.5593750e+02
   2.5628906e+02
   2.5664062e+02
   2.5699219e+02
   2.5734375e+02
   2.5769531e+02
   2.5804688e+02
   2.5839844e+02
   2.5875000e+02
   2.5910156e+02
   2.5945312e+02
   2.5980469e+02
   2.6015625e+02
   2.6050781e+02
   2.6085938e+02
   2.6121094e+02
   2.6156250e+02
   2.6191406e+02
   2.6226562e+02
   2.6261719e+02
   2.6296875e+02
   2.6332031e+02
   2.6367188e+02
   2.6402344e+02
   2.6437500e+02
   2.6472656e+02
   2.6507812e+02
   2.6542969e+02
   2.6578125e+02
   2.6613281e+02
   2.6648438e+02
   2.6683594e+02
   2.6718750e+02
   2.6753906e+02
   2.6789062e+02
   2.6824219e+02
   2.6859375e+02
   2.6894531e+02
   2.6929688e+02
   2.6964844e+02
   2.7000000e+02
   2.7035156e+02
   2.7070312e+02
   2.7105469e+02
   2.7140625e+02
   2.7175781e+02
   2.7210938e+02
   2.7246094e+02
   2.7281250e+02
   2.7316406e+02
   2.7351562e+02
   2.7386719e+02
   2.7421875e+02
   2.7457031e+02
   2.7492188e+02
   2.7527344e+02
   2.7562500e+02
   2.7597656e+02
   2.7632812e+02
   2.7667969e+02
   2.7703125e+02
   2.7738281e+02
   2.7773438e+02
   2.7808594e+02
   2.7843750e+02
   2.7878906e+02
   2.7914062e+02
   2.7949219e+02
   2.7984375e+02
   2.8019531e+02
   2.8054688e+02
   2.8089844e+02
   2.8125000e+02
   2.8160156e+02
   2.8195312e+02
   2.8230469e+02
   2.8265625e+02
   2.8300781e+02
   2.8335938e+02
   2.8371094e+02
   2.8406250e+02
   2.8441406e+02
   2.8476562e+02
   2.8511719e+02
   2.8546875e+02
   2.8582031e+02
   2.8617188e+02
   2.8652344e+02
   2.8687500e+02
   2.8722656e+02
   2.8757812e+02
   2.8792969e+02
   2.8828125e+02
   2.8863281e+02
   2.8898438e+02
   2.8933594e+02
   2.8968750e+02
   2.9003906e+02
   2.9039062e+02
   2.9074219e+02
   2.9109375e+02
   2.9144531e+02
   2.9179688e+02
   2.9214844e+02
   2.9250000e+02
   2.9285156e+02
   2.9320312e+02
   2.9355469e+02
   2.9390625e+02
   2.9425781e+02
   2.9460938e+02
   2.9496094e+02
   2.9531250e+02
   2.9566406e+02
   2.9601562e+02
   2.9636719e+02
   2.9671875e+02
   2.9707031e+02
   2.9742188e+02
   2.9777344e+02
   2.9812500e+02
   2.9847656e+02
   2.9882812e+02
   2.9917969e+02
   2.9953125e+02
   2.9988281e+02
   3.0023438e+02
   3.0058594e+02
   3.0093750e+02
   3.0128906e+02
   3.0164062e+02
   3.0199219e+02
   3.0234375e+02
   3.0269531e+02
   3.0304688e+02
   3.0339844e+02
   3.0375000e+02
   3.0410156e+02
   3.0445312e+02
   3.0480469e+02
   3.0515625e+02
   3.0550781e+02
   3.0585938e+02
   3.0621094e+02
   3.0656250e+02
   3.0691406e+02
   3.0726562e+02
   3.0761719e+02
   3.0796875e+02
   3.0832031e+02
   3.0867188e+02
   3.0902344e+02
   3.0937500e+02
   3.0972656e+02
   3.1007812e+02
   3.1042969e+02
   3.1078125e+02
   3.1113281e+02
   3.1148438e+02
   3.1183594e+02
   3.1218750e+02
   3.1253906e+02
   3.1289062e+02
   3.1324219e+02
   3.1359375e+02
   3.1394531e+02
   3.1429688e+02
   3.1464844e+02
   3.1500000e+02
   3.1535156e+02
   3.1570312e+02
   3.1605469e+02
   3.1640625e+02
   3.1675781e+02
   3.1710938e+02
   3.1746094e+02
   3.1781250e+02
   3.1816406e+02
   3.1851562e+02
   3.1886719e+02
   3.1921875e+02
   3.1957031e+02
   3.1992188e+02
   3.2027344e+02
   3.2062500e+02
   3.2097656e+02
   3.2132812e+02
   3.2167969e+02
   3.2203125e+02
   3.2238281e+02
   3.2273438e+02
   3.2308594e+02
   3.2343750e+02
   3.2378906e+02
   3.2414062e+02
   3.2449219e+02
   3.2484375e+02
   3.2519531e+02
   3.2554688e+02
   3.2589844e+02
   3.2625000e+02
   3.2660156e+02
   3.2695312e+02
   3.2730469e+02
   3.2765625e+02
   3.2800781e+02
   3.2835938e+02
   3.2871094e+02
   3.2906250e+02
   3.2941406e+02
   3.2976562e+02
   3.3011719e+02
   3.3046875e+02
   3.3082031e+02
   3.3117188e+02
   3.3152344e+02
   3.3187500e+02
   3.3222656e+02
   3.3257812e+02
   3.3292969e+02
   3.3328125e+02
   3.3363281e+02
   3.3398438e+02
   3.3433594e+02
   3.3468750e+02
   3.3503906e+02
   3.3539062e+02
   3.3574219e+02
   3.3609375e+02
   3.3644531e+02
   3.3679688e+02
   3.3714844e+02
   3.3750000e+02
   3.3785156e+02
   3.3820312e+02
   3.3855469e+02
   3.3890625e+02
   3.3925781e+02
   3.3960938e+02
   3.3996094e+02
   3.4031250e+02
   3.4066406e+02
   3.4101562e+02
   3.4136719e+02
   3.4171875e+02
   3.4207031e+02
   3.4242188e+02
   3.4277344e+02
   3.4312500e+02
   3.4347656e+02
   3.4382812e+02
   3.4417969e+02
   3.4453125e+02
   3.4488281e+02
   3.4523438e+02
   3.4558594e+02
   3.4593750e+02
   3.4628906e+02
   3.4664062e+02
   3.4699219e+02
   3.4734375e+02
   3.4769531e+02
   3.4804688e+02
   3.4839844e+02
   3.4875000e+02
   3.4910156e+02
   3.4945312e+02
   3.4980469e+02
   3.5015625e+02
   3.5050781e+02
   3.5085938e+02
   3.5121094e+02
   3.5156250e+02
   3.5191406e+02
   3.5226562e+02
   3.5261719e+02
   3.5296875e+02
   3.5332031e+02
   3.5367188e+02
   3.5402344e+02
   3.5437500e+02
   3.5472656e+02
   3.5507812e+02
   3.5542969e+02
   3.5578125e+02
   3.5613281e+02
   3.5648438e+02
   3.5683594e+02
   3.5718750e+02
   3.5753906e+02
   3.5789062e+02
   3.5824219e+02
   3.5859375e+02
   3.5894531e+02
   3.5929688e+02
   3.5964844e+02
